0.005366770554085	1.11165490400952E-05
0.010733541108169	2.52404496973525E-05
0.016100311662254	4.27594807999928E-05
0.021467082216339	6.31071352827439E-05
0.026833852770423	8.59311471562859E-05
0.032200623324508	0.000110982678474
0.037567393878443	0.000138074337468
0.042934164432528	0.000167056706875
0.048300934986613	0.000197807085162
0.053667705540697	0.000230220899325
0.059034476094782	0.000264210941588
0.064401246648867	0.000299695156493
0.0697680172031	0.00033660293818
0.075134787757036	0.000374871313856
0.08050155831112	0.000414443035528
0.085868328865205	0.0004552608552
0.09123509941929	0.000497275157946
0.096601869973374	0.000540438237103
0.101968640527459	0.000584704294277
0.107335411081543	0.000630029439338
0.112702181635628	0.000676373598691
0.118068952189713	0.000723696698741
0.123435722743946	0.000771958665891
0.128802493297882	0.000821123243078
0.134169263851967	0.000871152264974
0.139536034406051	0.000922009474516
0.144902804960136	0.00097365861464
0.15026957551422	0.00102606533655
0.155636346068305	0.001079195291451
0.16100311662239	0.001133014130545
0.166369887176474	0.00118748559677
0.171736657730559	0.001242577249596
0.177103428284644	0.001298254740226
0.182470198838579	0.001354483719865
0.187836969392664	0.001411229839715
0.193203739946748	0.001468462567514
0.198570510500833	0.001526143737932
0.203937281054918	0.00158424091044
0.209304051609002	0.001642721644506
0.214670822163087	0.001701551591336
0.220037592717172	0.001760694493865
0.225404363271256	0.001820117911565
0.23077113382549	0.001879785587373
0.236137904379425	0.001939657447692
0.24150467493351	0.001999710593325
0.246871445487595	0.002059916400275
0.252238216041679	0.002120217620549
0.257604986595764	0.002180595171481
0.262971757149849	0.002240991805078
0.268338527703933	0.002301407521339
0.273705298258018	0.002361785072271
0.279072068812102	0.002422086292545
0.284438839366336	0.002482273016831
0.289805609920272	0.002542326162464
0.295172380474356	0.002602188481451
0.300539151028441	0.002661840891126
0.305905921582525	0.002721245226162
0.31127269213661	0.002780363321227
0.316639462690695	0.002839137928329
0.322006233244779	0.002897569047468
0.327373003798864	0.002955599430649
0.3327397743528	0.003013190912543
0.338106544907033	0.003070305327821
0.343473315460969	0.003126904511154
0.348840086015053	0.003182969379876
0.354206856569138	0.003238442685995
0.359573627123223	0.003293305346845
0.364940397677307	0.003347500114433
0.370307168231392	0.003401007906093
0.375673938785477	0.003453790556497
0.381040709339561	0.003505809900316
0.386407479893646	0.003557008689554
0.391774250447879	0.003607386924213
0.397141021001815	0.003656887356298
0.4025077915559	0.003705471820481
0.407874562109984	0.003753121234096
0.413241332664069	0.003799797431814
0.418608103218154	0.003845462248306
0.423974873772238	0.003890058435578
0.429341644326323	0.00393358599363
0.434708414880407	0.003975987674468
0.440075185434492	0.004017244395427
0.445441955988726	0.004057337073843
0.450808726542661	0.004096189379057
0.456175497096746	0.00413380131107
0.461542267650831	0.004170134704551
0.466909038204915	0.004205170476836
0.472275808759	0.004238851379932
0.477642579313084	0.004271177413838
0.48300934986702	0.004302091330561
0.488376120421105	0.004331574047435
0.493742890975189	0.004359606481797
0.499109661529423	0.004386150468316
0.504476432083359	0.004411186924328
0.509843202637443	0.004434677684504
0.515209973191528	0.004456622748844
0.520576743745612	0.004476964869354
0.525943514299697	0.004495704046034
0.531310284853782	0.004512802113555
0.536677055407866	0.004528259071916
0.542043825961951	0.004542017673124
0.547410596516036	0.004554096999843
0.552777367070269	0.00456443980408
0.558144137624205	0.004573046085834
0.563510908178289	0.004579915845106
0.568877678732374	0.004584991833901
0.574244449286459	0.004588293134885
0.579611219840543	0.004589781582727
0.584977990394628	0.004589457177428
0.590344760948712	0.004587300836323
0.595711531502797	0.004583293476748
0.601078302056882	0.004577454181367
0.606445072610966	0.004569725702186
0.611811843165051	0.004560146204535
0.617178613719136	0.004548677523085
0.62254538427322	0.004535319657834
0.627912154827305	0.004520072608784
0.633278925381241	0.004502936375934
0.638645695935325	0.00448389187662
0.64401246648941	0.004462939110841
0.649379237043494	0.004440097161263
0.654746007597579	0.004415327862556
0.660112778151813	0.004388669380049
0.665479548705748	0.004360121713742
0.670846319259833	0.004329665780971
0.676213089813917	0.0042973206644
0.681579860368002	0.004263105446694
0.686946630922087	0.004227001045189
0.692313401476171	0.004189026542548
0.697680172030256	0.004149201021437
0.703046942584341	0.004107505399191
0.708413713138425	0.004063996923804
0.713780483692659	0.004018656512611
0.719147254246594	0.003971503248276
0.724514024800679	0.003922556213466
0.729880795354764	0.003871834490843
0.735247565908848	0.003819338080409
0.740614336462933	0.003765124230157
0.745981107017018	0.003709173857422
0.751347877571102	0.003651544210198
0.756714648125187	0.003592216205822
0.762081418679272	0.003531247092285
0.767448189233356	0.003468655952255
0.772814959787441	0.003404461868394
0.778181730341376	0.003338683923368
0.783548500895461	0.003271360282505
0.788915271449546	0.003202529111136
0.79428204200363	0.003132209491925
0.799648812557715	0.003060420507536
0.805015583111799	0.002987200323298
0.810382353665884	0.002912606187207
0.815749124219969	0.002836657181926
0.821115894774202	0.002759372390119
0.826482665328138	0.002680809059782
0.831849435882222	0.002600986273578
0.837216206436307	0.002519942196837
0.842582976990392	0.002437753160217
0.847949747544476	0.002354400081054
0.853316518098561	0.002269959290007
0.858683288652646	0.002184468952404
0.86405005920673	0.002097967233574
0.869416829760815	0.002010492298849
0.874783600315048	0.00192210139622
0.880150370868984	0.001832815516619
0.885517141423069	0.001742689999774
0.890883911977153	0.001651768735814
0.896250682531238	0.001560099431399
0.901617453085323	0.001467725976659
0.906984223639407	0.001374694169989
0.912350994193492	0.00128105171805
0.917717764747576	0.001186844419238
0.923084535301661	0.00109212188848
0.928451305855746	0.000996931832439
0.933818076409681	0.000901321957776
0.939184846963766	0.000805339971152
0.944551617517851	0.000709035487495
0.949918388071935	0.000612458121734
0.95528515862602	0.00051565558053
0.960651929180104	0.000418679387078
0.966018699734189	0.00032157724804
0.971385470288274	0.000224398778343
0.976752240842358	0.000127194928702
0.982119011396592	3.00139782579318E-05
0.987485781950528	-6.70942672333633E-05
0.992852552504612	-0.000164080192844
0.998219323058697	-0.000260894374473
1.00358609361278	-0.000357487006366
1.00895286416687	-0.000453810572687
1.01431963472095	-0.000549815458509
1.01968640527504	-0.000645452048903
1.02505317582912	-0.000740672637208
1.0304199463832	-0.000835429516761
1.03578671693744	-0.000929674980903
1.04115348749137	-0.00102336132297
1.04652025804546	-0.001116442744569
1.05188702859954	-0.00120886963077
1.05725379915363	-0.001300599999711
1.06262056970771	-0.001391588052998
1.0679873402618	-0.001481784175702
1.07335411081588	-0.001571150202494
1.07872088136982	-0.001659638426713
1.0840876519239	-0.001747206866495
1.08945442247814	-0.001833811631713
1.09482119303207	-0.001919410740505
1.10018796358616	-0.00200396602754
1.10555473414024	-0.002087433602691
1.11092150469433	-0.002169794383293
1.11628827524841	-0.002250972038686
1.12165504580249	-0.002330947486207
1.12702181635658	-0.002409682560527
1.13238858691066	-0.002487158178979
1.13775535746475	-0.002563317093572
1.14312212801898	-0.002638121138974
1.14848889857292	-0.002711551232523
1.153855669127	-0.002783569208887
1.15922243968109	-0.002854155985404
1.16458921023517	-0.002923254314078
1.16995598078926	-0.00299086419491
1.17532275134334	-0.003056928379906
1.18068952189743	-0.003121446869066
1.18605629245151	-0.003184362414395
1.19142306300559	-0.003245675015895
1.19678983355968	-0.003305346508235
1.20215660411376	-0.003363376891416
1.20752337466785	-0.003419708917444
1.21289014522193	-0.003474342586318
1.21825691577602	-0.003527258815375
1.2236236863301	-0.003578419439284
1.22899045688404	-0.003627843540711
1.23435722743812	-0.003675473871661
1.23972399799221	-0.003721310432135
1.24509076854629	-0.003765334139468
1.25045753910053	-0.003807564076324
1.25582430965446	-0.00384794299471
1.26119108020855	-0.003886470894625
1.26655785076263	-0.003923166858734
1.27192462131671	-0.003957992721709
1.2772913918708	-0.003990929400884
1.28265816242488	-0.004022015061588
1.28802493297897	-0.004051192455828
1.29339170353305	-0.004078499748933
1.29875847408714	-0.004103917858238
1.30412524464137	-0.004127427701079
1.30949201519531	-0.00414904836012
1.31485878574939	-0.004168779835361
1.32022555630348	-0.004186603044138
1.32559232685756	-0.004202537069116
1.33095909741165	-0.004216562827629
1.33632586796573	-0.004228718485007
1.34169263851981	-0.004238984958585
1.3470594090739	-0.004247381331028
1.35242617962798	-0.004253888519671
1.35779295018207	-0.00425852560718
1.36315972073615	-0.004261311676218
1.36852649129024	-0.004262227644121
1.37389326184417	-0.004261311676218
1.37926003239826	-0.004258563772509
1.38462680295234	-0.004253983932995
1.38999357350643	-0.004247572157674
1.39536034406051	-0.004239366611878
1.4007271146146	-0.00422934821294
1.40609388516868	-0.004217536043525
1.41146065572291	-0.004203949186299
1.41682742627685	-0.004188587641261
1.42219419683094	-0.004171451408411
1.42756096738502	-0.00415254048775
1.4329277379391	-0.004131854879276
1.43829450849319	-0.004109394582991
1.44366127904727	-0.004085159598893
1.44902804960136	-0.00405909267899
1.45439482015544	-0.004031136575287
1.45976159070953	-0.004001214957126
1.46512836126376	-0.003969003419208
1.4704951318177	-0.003933776820276
1.47586190237178	-0.003897386178801
1.48122867292587	-0.003860079569423
1.48659544347995	-0.003821876074806
1.49196221403404	-0.003782813860281
1.49732898458812	-0.003742892925847
1.5026957551422	-0.003702132354168
1.50806252569629	-0.003660589393239
1.51342929625037	-0.003618244960395
1.51879606680446	-0.003575137220966
1.52416283735839	-0.003531285257615
1.52952960791248	-0.003486727235672
1.53489637846656	-0.003441463155138
1.54026314902065	-0.003395531181341
1.54562991957473	-0.003348950396946
1.55099669012882	-0.003301758967282
1.5563634606829	-0.003253975975015
1.56173023123699	-0.003205601420144
1.56709700179107	-0.003156692550662
1.5724637723453	-0.003107268449236
1.57783054289924	-0.003057329115863
1.58319731345332	-0.00300693179854
1.58856408400741	-0.002956095579929
1.59393085456149	-0.002904839542697
1.59929762511558	-0.002853182769507
1.60466439566966	-0.002801182508353
1.61003116622375	-0.002748819676571
1.61539793677783	-0.002696151522155
1.62076470733192	-0.002643216210434
1.62613147788615	-0.002589994658743
1.63149824844009	-0.002536563197741
1.63686501899417	-0.002482921827428
1.64223178954826	-0.002429108713134
1.64759856010234	-0.002375142937522
1.65296533065642	-0.002321062665922
1.65833210121051	-0.002266867898334
1.66369887176459	-0.002212634965417
1.66906564231868	-0.002158344784507
1.67443241287261	-0.002104035520931
1.67979918342685	-0.00204974534002
1.68516595398078	-0.001995512407103
1.69053272453487	-0.00194133672218
1.69589949508895	-0.001887260267114
1.70126626564304	-0.001833307849367
1.70663303619712	-0.001779506184671
1.71199980675121	-0.001725883897023
1.71736657730529	-0.001672467702152
1.72273334785938	-0.001619286224057
1.72810011841346	-0.001566364270201
1.73346688896769	-0.001513728556315
1.73883365952163	-0.001461409614662
1.74420043007571	-0.001409434160972
1.7495672006298	-0.00135782700271
1.75493397118388	-0.001306614855607
1.76030074173797	-0.001255828251924
1.76566751229205	-0.001205493907394
1.77103428284614	-0.001155638537746
1.77640105340022	-0.001106288858712
1.78176782395431	-0.001057473494287
1.78713459450839	-0.001009219160203
1.79250136506248	-0.000961556388723
1.79786813561656	-0.000914511895577
1.80323490617065	-0.000868112396496
1.80860167672473	-0.000822390332011
1.81396844727881	-0.000777374326116
1.8193352178329	-0.000733093002811
1.82470198838683	-0.000689576894358
1.83006875894092	-0.000646858441287
1.835435529495	-0.000604968175862
1.84080230004924	-0.000563938538611
1.84616907060317	-0.0005238057866
1.85153584115726	-0.000484604268622
1.85690261171134	-0.000446370241743
1.86226938226543	-0.00040914187129
1.86763615281951	-0.000372961139125
1.8730029233736	-0.000337871935379
1.87836969392768	-0.000303918150179
1.88373646448177	-0.000271153214986
1.88910323503585	-0.000239630561261
1.89447000559008	-0.000209409345265
1.89983677614402	-0.000180557882937
1.9052035466981	-0.000153152504936
1.91057031725219	-0.000127280991519
1.91593708780627	-0.000103046961555
1.92130385836036	-8.05748340174931E-05
1.92667062891444	-6.00207051032991E-05
1.93203739946853	-4.15881868441729E-05
1.93740417002261	-2.5560275156778E-05
1.9427709405767	-1.23765773865076E-05
1.94813771113078	-2.88089079856928E-06
