0	2.74009527544876E-06
0.007749737133411	1.92652097616544E-05
0.015499474266822	4.3740697388398E-05
0.023249211400233	7.40952918056604E-05
0.030998948533643	0.000109343343424
0.038748685667054	0.000148867349589
0.046498422800465	0.00019222878817
0.054248159933661	0.000239093112421
0.061997897067072	0.000289191785411
0.069747634200483	0.000342297278313
0.077497371333893	0.000398216456193
0.085247108467304	0.000456778672428
0.092996845600715	0.000517827831662
0.100746582734341	0.000581222389798
0.108496319867537	0.000646831385475
0.116246057000947	0.000714530471544
0.123995794134358	0.000784199269382
0.131745531267769	0.000855726660258
0.13949526840118	0.000929001525443
0.147245005534591	0.001003916714733
0.154994742668002	0.001080366400766
0.162744479801413	0.001158247401865
0.170494216934823	0.001237456536352
0.178243954068449	0.001317891945393
0.185993691201645	0.001399447801624
0.193743428335056	0.001482032828947
0.201493165468467	0.001565530617264
0.209242902601877	0.001649861796054
0.216992639735288	0.001734894081115
0.224742376868699	0.001820548101925
0.23249211400211	0.001906718031123
0.240241851135521	0.001993284812927
0.247991588268932	0.002080155848395
0.255741325402342	0.002167225310167
0.263491062535538	0.00225437414246
0.271240799668949	0.002341522974753
0.27899053680236	0.002428539522844
0.286740273935771	0.002515331187791
0.294490011069182	0.002601765685393
0.302239748202592	0.002687763645128
0.309989485336003	0.002773206011215
0.317739222469414	0.002857973727872
0.325488959602825	0.002941960967736
0.333238696736451	0.003025061903447
0.340988433869647	0.003107170707643
0.348738171003057	0.003188168324542
0.356487908136468	0.003267935698362
0.364237645269879	0.003346380230162
0.37198738240329	0.003423382864159
0.379737119536701	0.003498824544573
0.387486856670112	0.003572625900882
0.395236593803522	0.003644654648884
0.402986330936933	0.003714804961217
0.410736068070559	0.003782984238939
0.418485805203755	0.00384908665469
0.426235542337166	0.003912993152688
0.433985279470577	0.00397461113399
0.441735016603988	0.004033834771236
0.449484753737398	0.004090571465484
0.457234490870809	0.004144728617792
0.46498422800422	0.004196200400799
0.472733965137631	0.004244907443984
0.480483702270827	0.004290743919985
0.488233439404453	0.004333630458281
0.495983176537648	0.004373474459931
0.503732913671059	0.004410209782833
0.51148265080447	0.004443757056466
0.519232387937881	0.004474023681889
0.526982125071292	0.004500943517
0.534731862204702	0.0045244504197
0.542481599338113	0.004544465019466
0.550231336471524	0.004560947631038
0.557981073604935	0.004573832112315
0.565730810738561	0.004583065549616
0.573480547871757	0.004588581800841
0.581230285005167	0.004590354409148
0.588980022138578	0.004588330460857
0.596729759271989	0.004582470270707
0.6044794964054	0.004572747381859
0.612229233538811	0.00455913533747
0.619978970672222	0.004541607680702
0.627728707805632	0.004520151183134
0.635478444939043	0.004494739387925
0.643228182072669	0.004465372295076
0.650977919205865	0.004432036676166
0.658727656339276	0.004394745759616
0.666477393472687	0.004353499545425
0.674227130606097	0.004308311262014
0.681976867739508	0.004259194137803
0.689726604872919	0.004206174629632
0.697476342006115	0.004149265965922
0.705226079139526	0.004088507831932
0.712975816272937	0.004023953141345
0.720725553406562	0.00395561512258
0.728475290539758	0.003883559917738
0.736225027673169	0.0038078404405
0.74397476480658	0.003728496376126
0.751724501939991	0.003645607095138
0.759474239073402	0.003559238739637
0.767223976206812	0.003469457451724
0.774973713340223	0.00337634260192
0.782723450473634	0.003279973560746
0.790473187607045	0.003180429698724
0.798222924740671	0.003077816843214
0.805972661873867	0.002972227593159
0.813722399007277	0.00286374131908
0.821472136140688	0.002752477076758
0.829221873274099	0.002638553921976
0.83697161040751	0.002522064453674
0.844721347540921	0.002403127727635
0.852471084674332	0.00228186279964
0.860220821807742	0.002158388725472
0.867970558941153	0.002032824560911
0.875720296074564	0.001905329047001
0.883470033207975	0.001775994782683
0.891219770341386	0.001644980508999
0.898969507474797	0.001512405281732
0.906719244608208	0.001378414613502
0.914468981741403	0.00124315137125
0.922218718874814	0.001106754453385
0.929968456008225	0.000969369372532
0.937718193141636	0.000831137672786
0.945467930275047	0.000692208835295
0.953217667408672	0.000552728372682
0.960967404541868	0.000412844443252
0.968717141675279	0.000272706528155
0.97646687880869	0.000132461462854
0.984216615942101	-7.740557167709E-06
0.991966353075512	-0.000147750870924
0.999716090208922	-0.000287420499946
1.00746582734233	-0.000426603323105
1.01521556447574	-0.000565149859252
1.02296530160916	-0.000702915918607
1.03071503874278	-0.000839755988548
1.03846477587598	-0.000975527202136
1.04621451300939	-0.001110086692434
1.0539642501428	-0.00124329556103
1.06171398727621	-0.00137501490951
1.06946372440962	-0.0015051164222
1.07721346154303	-0.001633445326583
1.08496319867644	-0.001759895795297
1.09271293580985	-0.00188433554414
1.10046267294326	-0.002006632288911
1.10821241007667	-0.002126653745406
1.11596214721009	-0.002244307314686
1.12371188434328	-0.002359473940967
1.13146162147669	-0.002472021340049
1.1392113586101	-0.002581856912989
1.14696109574351	-0.002688874832425
1.15471083287692	-0.002792982499418
1.16246057001034	-0.002894074086604
1.17021030714375	-0.002992070223463
1.17796004427716	-0.003086865082632
1.18570978141078	-0.003178405750433
1.19345951854398	-0.003266586399501
1.20120925567739	-0.003351340887738
1.2089589928108	-0.003432616301461
1.21670872994421	-0.003510333270149
1.22445846707762	-0.003584438880123
1.23220820421103	-0.00365486698928
1.23995794134444	-0.00372159114078
1.24770767847785	-0.003784558420943
1.25545741561127	-0.003843715916088
1.26320715274489	-0.003899037169374
1.27095688987809	-0.003950495723961
1.2787066270115	-0.003998065123009
1.28645636414491	-0.004041732138097
1.29420610127832	-0.004081457083964
1.30195583841173	-0.004117253189032
1.30970557554514	-0.004149107224879
1.31745531267855	-0.004177005963086
1.32520504981196	-0.004200962632072
1.33295478694537	-0.004220977231838
1.34070452407878	-0.004237062990804
1.34845426121198	-0.00424923313739
1.35620399834539	-0.004257500900017
1.3639537354788	-0.004261892735524
1.37170347261221	-0.004262421872332
1.37945320974562	-0.004259127995702
1.38720294687903	-0.004252011105633
1.39495268401245	-0.004241124115806
1.40270242114586	-0.004226493483063
1.41045215827927	-0.004208132435822
1.41820189541289	-0.004186067430924
1.42595163254609	-0.00416031169679
1.4337013696795	-0.00413087846184
1.44145110681291	-0.004097728040813
1.44920084394632	-0.004060833976869
1.45695058107973	-0.004020024300545
1.46470031821314	-0.003974875702394
1.47245005534655	-0.003924131482498
1.48019979247996	-0.003870966461705
1.48794952961338	-0.003815923005243
1.495699266747	-0.003759080483634
1.5034490038802	-0.003700478582137
1.51119874101361	-0.003640209899696
1.51894847814702	-0.003578327349989
1.52669821528043	-0.003514897075119
1.53444795241384	-0.003449998445606
1.54219768954725	-0.003383697603552
1.54994742668066	-0.003316047462638
1.55769716381386	-0.003247153850224
1.56544690094727	-0.003177082908412
1.57319663808089	-0.003105900779304
1.58094637521409	-0.003033686833419
1.5886961123475	-0.00296052044128
1.59644584948091	-0.002886480973408
1.60419558661432	-0.002811647800323
1.61194532374773	-0.002736100292548
1.61969506088114	-0.002659917820602
1.62744479801456	-0.002583179755009
1.63519453514797	-0.002505978694708
1.64294427228138	-0.002428380781801
1.650694009415	-0.00235047861523
1.6584437465482	-0.002272338337095
1.66619348368161	-0.002194052546337
1.67394322081502	-0.002115713841899
1.68169295794843	-0.002037388365881
1.68944269508184	-0.001959168717225
1.69719243221525	-0.001881134266451
1.70494216934866	-0.001803351155662
1.71269190648207	-0.001725925212217
1.72044164361549	-0.00164893580664
1.7281913807489	-0.00157244908103
1.73594111788231	-0.001496557634329
1.74369085501572	-0.001421327608639
1.75144059214913	-0.00134686483132
1.75919032928254	-0.001273244704368
1.76694006641595	-0.001200539984094
1.77468980354915	-0.001128837978071
1.78243954068256	-0.001058222025347
1.79018927781597	-0.000988775464969
1.79793901494938	-0.000920582958826
1.805688752083	-0.000853727845965
1.8134384892162	-0.000788300079645
1.82118822634961	-0.000724388290279
1.82893796348302	-0.000662082431126
1.83668770061643	-0.000601477746811
1.84443743774984	-0.000542673450486
1.85218717488325	-0.000485772723828
1.85993691201667	-0.000430884039882
1.86768664915008	-0.000378125131589
1.87543638628349	-0.000327624314625
1.88318612341711	-0.000279520487401
1.89093586055031	-0.000233973713803
1.89868559768372	-0.000191163900344
1.90643533481713	-0.00015130402459
1.91418507195054	-0.000114653892714
1.92193480908395	-8.15435538005789E-05
1.92968454621736	-5.24178796201123E-05
1.93743428335077	-2.79357777832675E-05
1.94518402048418	-9.25116338429317E-06
